[[-47.129023,-23.0433837],
[-47.1286467,-23.0431517],
[-47.1282866,-23.042935],
[-47.1320839,-23.0453543],
[-47.1317897,-23.0438772],
[-47.1316965,-23.0434295],
[-47.1316226,-23.0430958],
[-47.1315839,-23.0428813],
[-47.1315633,-23.0427671],
[-47.1315197,-23.0425715],
[-47.1315166,-23.0425577],
[-47.1314187,-23.0421189],
[-47.1313919,-23.0419129],
[-47.1313973,-23.0417783],
[-47.1314174,-23.0416845],
[-47.1314442,-23.0415698],
[-47.1281369,-23.0430389],
[-47.1282591,-23.0430914],
[-47.128412,-23.0431544],
[-47.128589,-23.043237],
[-47.1287285,-23.043321],
[-47.1294931,-23.0438626],
[-47.130974,-23.044916],
[-47.1320264,-23.0456831],
[-47.132383,-23.0459476],
[-47.1324595,-23.0460051],
[-47.1325109,-23.0459373],
[-47.132513,-23.0459004],
[-47.1324957,-23.0458705],
[-47.1323545,-23.0457752],
[-47.1321927,-23.0456408],
[-47.1321287,-23.0454916],
[-47.1320839,-23.0453543],
[-47.1320588,-23.0454087],
[-47.1320145,-23.0454302],
[-47.1319639,-23.0454439],
[-47.1318783,-23.0454156],
[-47.1321927,-23.0456408],
[-47.131078,-23.0457277],
[-47.1316304,-23.0461299],
[-47.1312643,-23.0464999],
[-47.1310151,-23.0466727],
[-47.1307844,-23.046769],
[-47.1305537,-23.0468356],
[-47.1302102,-23.0468602],
[-47.1299313,-23.0468257],
[-47.129741,-23.0467566],
[-47.129513,-23.0466406],
[-47.1293119,-23.0465049],
[-47.1291724,-23.0463642],
[-47.1290705,-23.046189],
[-47.1289498,-23.0459718],
[-47.1287835,-23.045646],
[-47.1323921,-23.0439056],
[-47.1325805,-23.0447817],
[-47.1325912,-23.0448891],
[-47.1325778,-23.0449792],
[-47.1325389,-23.0450952],
[-47.132504,-23.0451889],
[-47.1324758,-23.0454335],
[-47.1324147,-23.0456328],
[-47.1323545,-23.0457752],
[-47.1316304,-23.0461299],
[-47.1320985,-23.0464691],
[-47.1301218,-23.0480289],
[-47.1301282,-23.0477562],
[-47.1301512,-23.0474279],
[-47.1303928,-23.0474329],
[-47.1306126,-23.0474131],
[-47.1308486,-23.0473687],
[-47.1310177,-23.047312],
[-47.1313047,-23.0471787],
[-47.1315676,-23.0470244],
[-47.1317647,-23.046848],
[-47.1319324,-23.0466666],
[-47.1320985,-23.0464691],
[-47.1323948,-23.0460917],
[-47.1324595,-23.0460051],
[-47.1325542,-23.0460656],
[-47.132658,-23.0461297],
[-47.1327597,-23.046195],
[-47.1328298,-23.0462766],
[-47.1328579,-23.0463302],
[-47.1328636,-23.0463894],
[-47.132855,-23.0464368],
[-47.1328207,-23.046504],
[-47.1324742,-23.0469652],
[-47.1321618,-23.0472861],
[-47.1320444,-23.047387]]}